%YAML:1.0
---
base_marker_rvec: !!opencv-matrix
   rows: 3
   cols: 1
   dt: f
   data: [ -3.14816499e+00, -3.09010898e-03, 8.61629192e-03 ]
base_marker_tvec: !!opencv-matrix
   rows: 3
   cols: 1
   dt: f
   data: [ -2.02052999e+00, 1.16636205e+00, 3.29669356e+00 ]
